0 0.852715 0.615130 0.080840 0.173247
0 0.176081 0.280049 0.085269 0.222760
0 0.307304 0.281948 0.077517 0.188474
0 0.400883 0.261956 0.085279 0.213231
0 0.494462 0.273393 0.070869 0.194188
0 0.583055 0.272435 0.093022 0.180877
0 0.672200 0.321932 0.069764 0.154221
0 0.752488 0.320032 0.070869 0.154221
0 0.838872 0.328596 0.077517 0.175146
0 0.935212 0.288612 0.097450 0.171347
0 0.255807 0.615122 0.076412 0.150406
0 0.370982 0.599886 0.083059 0.173247
0 0.492247 0.640828 0.077526 0.148506
0 0.605203 0.629399 0.073088 0.163734
0 0.714835 0.621786 0.088593 0.205617
0 0.062011 0.261015 0.100774 0.207516
